200.01 -1.10973E-011 -3.32448E-009 299.5755724365
205.01 -1.11909E-011 -3.36194E-009 300.4173033447
210.02 -1.13112E-011 -3.40568E-009 301.0891859396
215.02 -1.13122E-011 -3.4125E-009 301.6654585315
220.02 -1.1372E-011 -3.43689E-009 302.2238832219
225.01 -1.14895E-011 -3.47058E-009 302.065364028
230.01 -1.15858E-011 -3.50099E-009 302.1793920144
235 -1.17381E-011 -3.5548E-009 302.8428791712
239.99 -1.18065E-011 -3.56423E-009 301.8870960911
245.02 -1.1924E-011 -3.60013E-009 301.9230124119
250 -1.19884E-011 -3.63027E-009 302.8152213807
254.99 -1.1938E-011 -3.60143E-009 301.6778354833
260.01 -1.17354E-011 -3.54205E-009 301.8260988121
265 -1.24E-011 -3.56E-009 287.6091751569
270 -1.24E-011 -3.58E-009 288.5578078744
275.01 -1.17295E-011 -3.54453E-009 302.1893516348
280.02 -1.17946E-011 -3.57538E-009 303.1370288098
284.99 -1.20377E-011 -3.63867E-009 302.2728594333
289.99 -1.21026E-011 -3.65179E-009 301.7359906136
294.99 -1.2197E-011 -3.69688E-009 303.0974829876
299.98 -1.23309E-011 -3.73667E-009 303.0330308412
305.01 -1.28659E-011 -3.89002E-009 302.3511763654
310.01 -1.48921E-011 -4.49962E-009 302.1481188012
314.99 -1.6526E-011 -0.000000005 300.8876921215
320.02 -1.93015E-011 -5.79732E-009 300.3559308862
325 -2.2635E-011 -6.80503E-009 300.6419262205
330.01 -2.824E-011 -8.44742E-009 299.1296033994
334.99 -3.50531E-011 -1.04585E-008 298.3616285008
340 -4.41546E-011 -1.31661E-008 298.1818428884
345 -5.81167E-011 -1.73038E-008 297.7423012662
350.01 -7.48826E-011 -2.22651E-008 297.3334259227
355 -9.13004E-011 -2.72034E-008 297.9548830016
360 -1.09754E-010 -3.26293E-008 297.2948594129
364.99 -1.33271E-010 -3.99059E-008 299.4342355051
370.02 -1.65428E-010 -4.95699E-008 299.6463718355
375 -2.02931E-010 -6.08783E-008 299.9950722167
379.98 -2.48111E-010 -7.47205E-008 301.1575464208
385 -3.00246E-010 -9.03564E-008 300.9412281929
390 -3.70E-010 -1.11E-007 300.7966189632
395 -4.62E-010 -1.39E-007 300.1779655703
400.02 -5.45867E-010 -0.000000165 302.2402893012
405.01 -6.06921E-010 -1.83573E-007 302.4660540663
410.01 -6.79545E-010 -2.05165E-007 301.9152521172
415 -7.56859E-010 -2.28638E-007 302.0879714716
419.99 -8.7735E-010 -2.65148E-007 302.2146235824
425 -0.000000001 -2.89722E-007 302.5564443702
430.02 -1.06786E-009 -3.23558E-007 302.9966475006
434.99 -1.19277E-009 -3.61271E-007 302.8840430259
440 -1.38816E-009 -4.20896E-007 303.204241586
445 -1.5786E-009 -4.76906E-007 302.1069301913
449.99 -1.85182E-009 -5.60855E-007 302.8669093108
454.99 -1.80767E-009 -5.48064E-007 303.1880818955
460.01 -0.000000002 -5.99631E-007 302.9525739028
464.99 -2.22042E-009 -6.71068E-007 302.2257050468
470 -2.52442E-009 -7.65738E-007 303.3322505764
475.01 -2.23447E-009 -6.76901E-007 302.9358192323
480.02 -2.09173E-009 -6.33154E-007 302.6939423348
485.02 -2.13761E-009 -6.46719E-007 302.5430270255
490.01 -0.000000002 -6.15153E-007 303.0997171773
495 -2.12E-009 -6.42789E-007 303.2023584906
499.99 -0.000000002 -6.04375E-007 302.9463806836
505 -0.000000002 -6.1858E-007 303.9884415789
510.01 -2.06627E-009 -6.27425E-007 303.6510233416
515.01 -2.14913E-009 -6.52062E-007 303.4074253303
520.01 -2.2192E-009 -6.71144E-007 302.4260994953
525.01 -2.293E-009 -6.93857E-007 302.5979066725
530 -2.3661E-009 -7.17696E-007 303.3244579688
535.01 -2.43309E-009 -7.39156E-007 303.7931190379
539.99 -2.49158E-009 -7.56867E-007 303.7698970131
545 -2.56099E-009 -7.78755E-007 304.0835770542
550 -2.60639E-009 -7.92144E-007 303.9238180011
554.99 -2.65651E-009 -8.06673E-007 303.6589359724
559.98 -2.69488E-009 -0.000000818 303.5318826812
565 -2.74012E-009 -8.32143E-007 303.6885245902
570 -2.82E-009 -8.55E-007 302.9384554854
575 -2.89E-009 -8.72E-007 301.692293317
580 -2.95E-009 -8.92E-007 302.5136860385
585.02 -0.000000003 -9.14092E-007 304.5491194285
590.01 -0.000000003 -9.26407E-007 304.369695994
594.99 -0.000000003 -9.24853E-007 304.3811523563
600 -2.94467E-009 -0.000000898 304.9696570414
605 -3.05178E-009 -9.30209E-007 304.8086690391
610 -3.05178E-009 -9.30209E-007 304.8086690391
615 -3.19996E-009 -9.7377E-007 304.3069288366
620.01 -3.19996E-009 -9.7377E-007 304.3069288366
624.99 -3.15008E-009 -9.59602E-007 304.627818976
629.99 -3.12834E-009 -9.5278E-007 304.5640819093
634.99 -0.000000003 -9.2919E-007 305.8538126806
639.98 -0.000000003 -0.000000911 306.5540947529
645 -0.000000003 -9.1733E-007 304.995877221
650.01 -3.08221E-009 -9.42745E-007 305.8665697665
655 -2.98E-009 -9.09E-007 304.5223907608
660 -2.96E-009 -8.99E-007 304.1499516307
665.01 -2.93759E-009 -8.95908E-007 304.9806133599
669.99 -0.000000003 -0.000000907 305.6981756536
675 -0.000000003 -9.08543E-007 305.424430781
680 -2.86792E-009 -0.000000879 306.5026221094
684.99 -3.07077E-009 -9.4079E-007 306.3694122321
690.01 -3.07882E-009 -9.42578E-007 306.1491090743
694.99 -2.73176E-009 -8.38106E-007 306.8007438428
700 -2.55285E-009 -7.81902E-007 306.2859157412
704.99 -2.45215E-009 -7.5107E-007 306.290398222
710.02 -2.63651E-009 -8.09385E-007 306.9910601515
715 -2.77564E-009 -8.5167E-007 306.8373420184
720 -2.47125E-009 -0.00000076 307.5200809307
725 -2.35135E-009 -7.21086E-007 306.6689348672
729.99 -2.57641E-009 -7.90465E-007 306.808698926
735 -2.68155E-009 -8.24127E-007 307.332326453
740.01 -2.47292E-009 -7.60108E-007 307.3726606603
745.01 -2.37012E-009 -7.28479E-007 307.3595429767
749.99 -2.29508E-009 -7.05254E-007 307.2895062481
755.01 -2.17387E-009 -6.6808E-007 307.3228849931
760.01 -2.17758E-009 -6.693E-007 307.3595459179
765 -3.53049E-009 -1.08784E-006 308.1272004736
769.99 -0.000000002 -6.17575E-007 307.7135796072
775 -1.72798E-009 -5.31552E-007 307.6146714661
780 -1.59528E-009 -4.91334E-007 307.9923273657
784.99 -1.57412E-009 -4.84123E-007 307.5515208497
790 -1.91293E-009 -5.89292E-007 308.0572733974
795.01 -1.67556E-009 -0.000000517 308.5416219055
800 -1.80505E-009 -5.57205E-007 308.6922799922
804.99 -1.60098E-009 -4.94941E-007 309.1487713775
810 -1.67712E-009 -5.16416E-007 307.9183361954
814.99 -1.76481E-009 -5.45507E-007 309.102396292
820.01 -3.21834E-009 -9.92856E-007 308.4994127407
824.99 -1.25108E-008 -3.86685E-006 309.0809540557
829.99 -6.57669E-009 -2.03466E-006 309.374472569
835.01 -5.2149E-009 -1.61314E-006 309.3328731136
839.99 -2.67892E-009 -8.28842E-007 309.3940841832
844.99 -1.55685E-009 -0.000000481 308.9533352603
850.01 -1.18952E-009 -3.68353E-007 309.6652431233
854.99 -1.18919E-009 -3.67768E-007 309.2592436869
859.99 -1.28121E-009 -0.000000399 311.4103074437
865.01 -1.48862E-009 -4.60441E-007 309.3072778815
869.98 -1.88074E-009 -5.82649E-007 309.7977391878
875.01 -2.58686E-009 -8.01482E-007 309.8281314026
880 -7.64262E-009 -2.37078E-006 310.2051390753
885 -1.057E-008 -3.28044E-006 310.3538315989
890 -4.18009E-009 -1.29619E-006 310.0866249291
895.01 -8.38667E-009 -2.6047E-006 310.5761881653
900.02 -4.10407E-009 -1.27237E-006 310.0263884388
905.01 -9.27082E-009 -2.87966E-006 310.6154579638
910.01 -3.06857E-009 -0.000000954 310.8790087891
915.01 -8.06472E-009 -2.50572E-006 310.701425468
920 -6.46791E-009 -2.00864E-006 310.5547232414
925 -0.000000003 -9.30177E-007 310.5735167928
929.99 -2.4006E-009 -7.4709E-007 311.2096975756
935 -2.71805E-009 -8.50605E-007 312.9467817001
939.99 -4.88695E-009 -1.52937E-006 312.9497948618
945 -4.10973E-009 -1.28638E-006 313.0083971453
950 -4.60835E-009 -1.43994E-006 312.4632460642
954.99 -3.39112E-009 -1.06012E-006 312.6164806907
960 -2.13E-009 -6.61E-007 310.9562886501
965 -2.02E-009 -6.28E-007 311.1821893644
969.99 -0.000000003 -9.26692E-007 311.781310455
975.01 -3.15944E-009 -0.000000988 312.7190261565
980.01 -1.05385E-008 -3.30322E-006 313.4430896238
985.01 -2.5428E-009 -7.97259E-007 313.5358659745
989.99 -4.6896E-009 -1.47378E-006 314.2656090072
995.01 -7.07744E-009 -2.22842E-006 314.8624361351
999.99 -2.16173E-009 -6.80779E-007 314.9232327812
1005.01 -1.73798E-009 -5.50176E-007 316.5606048401
1009.99 -0.000000002 -6.34865E-007 317.0662884369
1015.01 -0.000000002 -6.34217E-007 317.7949370641
1020 -1.18E-009 -3.75E-007 319.0513014438
1025 -8.95E-010 -2.87E-007 320.5341360346
1029.99 -7.87223E-010 -0.000000254 322.7077969013
1035.01 -7.30608E-010 -2.36739E-007 324.0301228566
1040.01 -6.04911E-010 -1.97052E-007 325.7537059171
1044.99 -5.69863E-010 -1.87165E-007 328.4385896259
1049.99 -6.20663E-010 -2.05339E-007 330.8381521051
1055 -5.99485E-010 -1.99752E-007 333.2060018182
1059.99 -3.91959E-010 -1.31662E-007 335.9075821706
1065 -3.09995E-010 -1.04179E-007 336.0667107534
1070.01 -2.87181E-010 -9.68221E-008 337.1466078884
1075.01 -2.78577E-010 -9.41855E-008 338.0950329711
1079.99 -2.77718E-010 -9.46785E-008 340.9159651157
1085.01 -4.40563E-010 -1.50876E-007 342.4618045546
1090.01 -2.81252E-010 -9.65908E-008 343.4315133759
1094.99 -1.65961E-010 -0.000000057 343.3258416134
1100.01 -1.27658E-010 -4.38887E-008 343.799056855
1105.01 -1.28054E-010 -4.42179E-008 345.3066674996
1109.99 -1.96008E-010 -6.82642E-008 348.272519489
1115.01 -1.41282E-010 -4.93665E-008 349.4181849068
1120 -8.88729E-011 -0.000000031 348.4920600093
1125.01 -6.54525E-011 -2.27241E-008 347.1845995187
1129.99 -5.35182E-011 -1.85547E-008 346.6988800072
1135.01 -4.44562E-011 -1.54044E-008 346.5073488062
1140.01 -3.87419E-011 -1.33774E-008 345.2954036844
1145.01 -3.4063E-011 -1.17173E-008 343.9890790594
1149.99 -2.97748E-011 -1.0166E-008 341.4296653546
1155.01 -2.63076E-011 -8.89236E-009 338.0148702276
1160 -2.39253E-011 -0.000000008 336.4517895282
1165 -2.28636E-011 -7.6458E-009 334.4092793786
1170 -2.36197E-011 -7.80805E-009 330.5736313332
1175.01 -3.44105E-011 -1.13509E-008 329.8673370047
1179.99 -5.64109E-011 -1.75089E-008 310.3815042837
1185 -6.60399E-011 -2.02371E-008 306.437471892
1189.99 -6.1835E-011 -0.000000019 306.4882348185
1195 -5.83944E-011 -1.78415E-008 305.5344348088
1199.99 -5.61587E-011 -1.71707E-008 305.7531602405
