310	273	-0.99	-0.99	-0.99		270.9	0.1375	0.5500	148.9950		269.4	0.1382	0.55	148.92		-202.68	-0.05
320	273.7	-0.99	-0.99	-0.99		271.6	0.1430	0.5541	150.5004		270.2	0.1437	0.56	150.46		-202.65	-0.03
330	274.3	-0.99	-0.99	-0.99		272.2	0.1465	0.5505	149.8420		270.8	0.1471	0.55	149.68		-202.66	-0.11
340	274.9	-0.99	-0.99	-0.99		272.9	0.1488	0.5427	148.0980		271.5	0.1494	0.54	147.93		-202.69	-0.11
350	275.5	0.15	0.53	146.21		273.5	0.1510	0.5350	146.3147		272.2	0.1507	0.53	145.33		-0.07	-0.68
360	276.9	0.15	0.5	139.44		274.8	0.1468	0.5056	138.9511		274.1	0.1474	0.51	139.16		0.35	0.15
370	279.4	0.15	0.49	136.8		277.4	0.1470	0.4926	136.6607		276.1	0.1477	0.49	136.67		0.1	0.01
380	281.2	0.16	0.51	144.71		279.5	0.1582	0.5162	144.2867		278.4	0.1587	0.52	144.17		0.29	-0.08
390	282.1	0.17	0.54	153.2		280.5	0.1712	0.5443	152.6841		279.5	0.1717	0.55	152.58		0.33	-0.07
400	282.5	0.18	0.56	159.12		281.2	0.1821	0.5645	158.7402		280.3	0.1826	0.57	158.67		0.24	-0.05
410	282.9	0.19	0.58	163.42		281.6	0.1915	0.5792	163.0945		280.8	0.1918	0.58	162.89		0.2	-0.13
420	283.1	0.2	0.59	166.75		282	0.2000	0.5905	166.5143		281.2	0.2004	0.59	166.37		0.14	-0.08
430	283.2	0.21	0.6	169.3		282.2	0.2078	0.5992	169.1047		281.5	0.2081	0.6	168.93		0.11	-0.1
440	283.2	0.21	0.61	171.51		282.3	0.2152	0.6065	171.2073		281.6	0.2156	0.61	171.1		0.18	-0.06
450	283.1	0.22	0.61	173.1		282.4	0.2222	0.6123	172.9091		281.7	0.2226	0.61	172.79		0.11	-0.07
460	283.2	0.23	0.62	174.74		282.4	0.2290	0.6173	174.3267		281.8	0.2294	0.62	174.26		0.24	-0.04
470	283.2	0.24	0.62	175.96		282.5	0.2356	0.6216	175.5972		281.9	0.2360	0.62	175.52		0.21	-0.04
480	283.2	0.24	0.63	177.05		282.6	0.2421	0.6254	176.7451		282	0.2425	0.63	176.66		0.17	-0.05
490	283.3	0.25	0.63	178.01		282.6	0.2484	0.6286	177.6435		282.1	0.2488	0.63	177.61		0.21	-0.02
500	283.3	0.25	0.63	178.88		282.7	0.2547	0.6317	178.5692		282.2	0.2550	0.63	178.46		0.17	-0.06
510	283.3	0.26	0.63	179.57		282.7	0.2608	0.6341	179.2606		282.3	0.2612	0.64	179.28		0.17	0.01
520	283.3	0.27	0.64	180.24		282.8	0.2669	0.6365	179.9891		282.3	0.2672	0.64	179.87		0.14	-0.06
530	283.3	0.27	0.64	180.82		282.8	0.2729	0.6385	180.5630		282.4	0.2732	0.64	180.51		0.14	-0.03
540	283.4	0.28	0.64	181.43		282.9	0.2789	0.6404	181.1796		282.5	0.2792	0.64	181.12		0.14	-0.03
550	283.4	0.28	0.64	181.91		283	0.2848	0.6421	181.7128		282.5	0.2851	0.64	181.58		0.11	-0.07
560	283.4	0.29	0.64	182.36		283	0.2907	0.6437	182.1651		282.6	0.2910	0.64	182.1		0.11	-0.04
570	283.6	0.3	0.64	182.87		283.2	0.2966	0.6452	182.7306		282.8	0.2968	0.65	182.6		0.07	-0.07
580	283.7	0.3	0.65	183.29		283.3	0.3023	0.6463	183.0958		282.9	0.3026	0.65	183.02		0.11	-0.04
590	283.8	0.31	0.65	183.71		283.4	0.3081	0.6475	183.5106		283.1	0.3083	0.65	183.44		0.11	-0.04
600	284	0.31	0.65	184.12		283.6	0.3138	0.6485	183.9203		283.2	0.3141	0.65	183.84		0.11	-0.05
610	284.1	0.32	0.65	184.46		283.8	0.3195	0.6495	184.3211		283.4	0.3198	0.65	184.23		0.07	-0.05
620	284.3	0.33	0.65	184.85		284	0.3252	0.6504	184.7136		283.6	0.3254	0.65	184.57		0.07	-0.08
630	284.5	0.33	0.65	185.24		284.1	0.3308	0.6511	184.9771		283.8	0.3311	0.65	184.95		0.14	-0.02
640	284.7	0.34	0.65	185.56		284.3	0.3364	0.6518	185.2996		284	0.3367	0.65	185.27		0.14	-0.02
650	284.8	0.34	0.65	185.81		284.5	0.3421	0.6526	185.6708		284.2	0.3423	0.65	185.58		0.08	-0.05
660	285	0.35	0.65	186.12		284.7	0.3477	0.6533	185.9816		284.4	0.3479	0.65	185.89		0.08	-0.05
670	285.1	0.35	0.65	186.37		284.8	0.3532	0.6537	186.1691		284.5	0.3535	0.65	186.13		0.11	-0.02
680	285.2	0.36	0.65	186.6		284.9	0.3588	0.6543	186.4050		284.6	0.3590	0.65	186.31		0.11	-0.05
690	285.3	0.36	0.65	186.83		285	0.3644	0.6549	186.6362		284.7	0.3646	0.66	186.54		0.11	-0.05
700	285.3	0.37	0.66	186.94		285.1	0.3699	0.6553	186.8122		284.8	0.3702	0.66	186.77		0.07	-0.02
710	285.5	0.38	0.66	187.23		285.2	0.3755	0.6558	187.0350		284.9	0.3757	0.66	186.94		0.11	-0.05
720	285.7	0.38	0.66	187.52		285.4	0.3810	0.6562	187.2700		285.1	0.3812	0.66	187.17		0.13	-0.05
730	285.8	0.39	0.66	187.68		285.6	0.3865	0.6565	187.5023		285.3	0.3867	0.66	187.4		0.1	-0.05
740	286	0.39	0.66	187.91		285.7	0.3920	0.6569	187.6663		285.5	0.3922	0.66	187.63		0.13	-0.02
750	286.1	0.4	0.66	188.07		285.9	0.3975	0.6572	187.8935		285.7	0.3977	0.66	187.86		0.1	-0.02
760	286.6	0.4	0.66	188.49		286.4	0.4031	0.6577	188.3623		286.1	0.4032	0.66	188.21		0.07	-0.08
770	286.5	0.41	0.66	188.56		286.3	0.4085	0.6578	188.3408		286.1	0.4087	0.66	188.3		0.12	-0.02
780	286.8	0.41	0.66	188.85		286.6	0.4140	0.6582	188.6269		286.4	0.4142	0.66	188.59		0.12	-0.02
790	287	0.42	0.66	189.02		286.8	0.4195	0.6585	188.8451		286.6	0.4197	0.66	188.8		0.09	-0.02
800	287.3	0.43	0.66	189.3		287.1	0.4250	0.6588	189.1271		286.8	0.4252	0.66	189.02		0.09	-0.06
810	287.5	0.43	0.66	189.52		287.3	0.4304	0.6589	189.2974		287.1	0.4307	0.66	189.3		0.12	0
820	287.8	0.44	0.66	189.75		287.6	0.4359	0.6592	189.5761		287.4	0.4360	0.66	189.49		0.09	-0.05
830	287.9	0.44	0.66	189.9		287.7	0.4413	0.6593	189.6782		287.4	0.4415	0.66	189.57		0.11	-0.06
840	288.2	0.45	0.66	190.17		288	0.4468	0.6596	189.9538		287.7	0.4470	0.66	189.84		0.11	-0.06
850	288.5	0.45	0.66	190.4		288.3	0.4523	0.6598	190.2278		288	0.4524	0.66	190.07		0.09	-0.08
860	288.6	0.46	0.66	190.5		288.4	0.4576	0.6598	190.2850		288.2	0.4578	0.66	190.24		0.11	-0.03
870	288.9	0.46	0.66	190.77		288.6	0.4630	0.6599	190.4495		288.4	0.4632	0.66	190.4		0.17	-0.03
880	289.2	0.47	0.66	190.96		288.9	0.4685	0.6602	190.7200		288.5	0.4687	0.66	190.54		0.13	-0.1
890	289.3	0.47	0.66	191.01		289	0.4739	0.6603	190.8166		288.8	0.4740	0.66	190.72		0.1	-0.05
900	289.6	0.48	0.66	191.24		289.3	0.4793	0.6604	191.0447		289.1	0.4794	0.66	190.95		0.1	-0.05
910	289.8	0.48	0.66	191.33		289.5	0.4845	0.6602	191.1273		289.3	0.4847	0.66	191.07		0.1	-0.03
920	290.1	0.49	0.66	191.51		289.8	0.4898	0.6602	191.3159		289.5	0.4900	0.66	191.2		0.1	-0.06
930	290.7	0.49	0.66	191.71		290.3	0.4948	0.6597	191.5206		290	0.4951	0.66	191.44		0.1	-0.04
940	291.9	0.5	0.66	192.18		291.5	0.4995	0.6589	192.0737		291.2	0.4999	0.66	192.03		0.06	-0.02
950	292.3	0.5	0.66	191.83		291.8	0.5033	0.6569	191.6948		291.3	0.5039	0.66	191.59		0.07	-0.05
960	291.8	0.51	0.65	191.09		291.1	0.506	0.6536	190.2581		290.3	0.508	0.66	190.49		0.44	0.12
970	291.9	0.51	0.65	189.19		290.9	0.507	0.6481	188.5392		289.7	0.508	0.65	188.13		0.34	-0.22
980	291.4	0.5	0.64	185.83		289.9	0.505	0.6390	185.2402		288.1	0.508	0.64	185.18		0.32	-0.03
990	292.8	0.5	0.62	182.64		290.3	0.500	0.6263	181.8040		287	0.504	0.63	181.18		0.46	-0.35
1000	293.1	0.49	0.6	176.27		289.4	0.489	0.6064	175.4806		285.1	0.496	0.62	175.35		0.45	-0.08
1010	293.6	0.47	0.57	167.61		287.9	0.472	0.5795	166.8338		281.7	0.482	0.59	166.7		0.47	-0.08
1020	294.1	0.44	0.53	155.88		285.8	0.447	0.5434	155.3071		277.3	0.460	0.56	155.07		0.37	-0.15
1030	294.8	0.4	0.48	141.61		282.7	0.413	0.4972	140.5595		271.5	0.430	0.52	140.55		0.74	-0.01
1040	295.6	0.35	0.42	124.41		278.7	0.370	0.4412	122.9496		264.7	0.390	0.47	123.09		1.18	0.11
1050	296.3	0.3	0.36	105.32		273.7	0.321	0.3791	103.7558		256.1	0.343	0.41	103.74		1.5	-0.02
1060	297.4	0.24	0.29	84.89		268.8	0.267	0.3123	83.9569		247.6	0.290	0.34	84		1.1	0.05
1070	298	0.2	0.23	69.07		265	0.223	0.2584	68.4839		240.7	0.246	0.29	68.62		0.85	0.2
1080	299	0.17	0.19	56.64		262.1	0.187	0.2147	56.2738		235.2	0.209	0.24	56.44		0.66	0.29
1090	299.5	0.14	0.15	46		260.6	0.154	0.1752	45.6552		232	0.175	0.2	46.19		0.74	1.16
1100	296	0.11	0.12	36.04		266.1	0.125	0.1409	37.4959		242	0.143	0.16	39.01		-3.97	3.96
