200.01 -1.00704e-11 -2.61584e-09
205.01 -1.01857e-11 -2.65198e-09
210.02 -1.0268e-11 -2.68102e-09
215.02 -1.0315e-11 -2.69628e-09
220.02 -1.03551e-11 -2.70645e-09
225.01 -1.04756e-11 -2.73522e-09
230.01 -1.05517e-11 -2.75789e-09
235.00 -1.08122e-11 -2.83463e-09
239.99 -1.08841e-11 -2.84091e-09
245.02 -1.09507e-11 -2.86452e-09
250.00 -1.09073e-11 -2.85439e-09
254.99 -1.08556e-11 -2.84332e-09
260.01 -1.09138e-11 -2.85686e-09
264.99 -1.08856e-11 -2.85102e-09
270.00 -1.08902e-11 -2.85859e-09
275.01 -1.09696e-11 -2.88109e-09
280.02 -1.10534e-11 -2.90508e-09
284.99 -1.11967e-11 -2.95003e-09
289.99 -1.13147e-11 -2.98064e-09
294.99 -1.14771e-11 -3.02882e-09
299.98 -1.15836e-11 -3.0495e-09
305.01 -1.22171e-11 -3.24262e-09
310.01 -1.42643e-11 -3.86271e-09
314.99 -1.59567e-11 -4.33851e-09
320.02 -1.86532e-11 -5.15426e-09
325.00 -2.18921e-11 -6.10767e-09
330.01 -2.71717e-11 -7.68484e-09
334.99 -3.3569e-11 -9.50223e-09
340.00 -4.21996e-11 -1.19842e-08
345.00 -5.53785e-11 -1.5723e-08
350.01 -7.01131e-11 -1.99955e-08
355.00 -8.46049e-11 -2.40541e-08
360.00 -1.00134e-10 -2.85815e-08
364.99 -1.19937e-10 -3.45245e-08
370.02 -1.45792e-10 -4.24469e-08
375.00 -1.75311e-10 -5.1751e-08
379.98 -2.0821e-10 -6.25651e-08
385.00 -2.47823e-10 -7.45918e-08
390.01 -2.99217e-10 -9.06113e-08
395.01 -3.7372e-10 -1.13643e-07
400.02 -4.35171e-10 -1.32279e-07
405.01 -4.73668e-10 -1.44208e-07
410.01 -5.28048e-10 -1.62145e-07
415.00 -5.81573e-10 -1.77904e-07
419.99 -6.70346e-10 -2.05221e-07
425.00 -7.22534e-10 -2.21345e-07
430.02 -7.97204e-10 -2.45433e-07
434.99 -8.867e-10 -2.72569e-07
440.00 -1.02631e-09 -3.16779e-07
445.00 -1.15167e-09 -3.54155e-07
449.99 -1.35512e-09 -4.21339e-07
454.99 -1.31087e-09 -4.04158e-07
460.01 -1.44512e-09 -4.45905e-07
464.99 -1.64103e-09 -5.03421e-07
470.00 -1.84149e-09 -5.67757e-07
475.01 -1.57745e-09 -4.87254e-07
480.02 -1.52245e-09 -4.69692e-07
485.02 -1.51713e-09 -4.69042e-07
490.01 -1.44875e-09 -4.46807e-07
495.00 -1.47138e-09 -4.57427e-07
499.99 -1.39226e-09 -4.31127e-07
505.00 -1.41814e-09 -4.3718e-07
510.01 -1.43911e-09 -4.44697e-07
515.01 -1.49508e-09 -4.59286e-07
520.01 -1.53519e-09 -4.73135e-07
525.01 -1.58464e-09 -4.86744e-07
530.00 -1.63102e-09 -5.03263e-07
535.01 -1.6737e-09 -5.1728e-07
539.99 -1.71888e-09 -5.29873e-07
545.00 -1.75535e-09 -5.43788e-07
550.00 -1.78459e-09 -5.50749e-07
554.99 -1.81385e-09 -5.60103e-07
559.98 -1.83596e-09 -5.67813e-07
565.00 -1.86195e-09 -5.74744e-07
570.02 -1.90979e-09 -5.90118e-07
574.99 -1.94459e-09 -6.009e-07
579.99 -1.9889e-09 -6.14252e-07
585.02 -2.04689e-09 -6.32899e-07
590.01 -2.07245e-09 -6.3913e-07
594.99 -2.05176e-09 -6.35237e-07
600.00 -1.97631e-09 -6.10812e-07
605.00 -2.041e-09 -6.32641e-07
610.00 -2.00848e-09 -6.23768e-07
614.99 -2.10187e-09 -6.51875e-07
620.01 -2.17716e-09 -6.753e-07
634.99 -2.03904e-09 -6.31538e-07
639.98 -1.97699e-09 -6.12149e-07
645.00 -2.00532e-09 -6.22546e-07
650.01 -2.08047e-09 -6.45829e-07
654.98 -1.95475e-09 -6.04803e-07
660.02 -1.92885e-09 -5.96984e-07
665.01 -1.95449e-09 -6.04388e-07
669.99 -2.00347e-09 -6.15593e-07
675.00 -2.02412e-09 -6.1797e-07
684.99 -2.19607e-09 -6.56857e-07
690.01 -2.28233e-09 -6.6699e-07
694.99 -1.9742e-09 -5.65092e-07
700.00 -1.87295e-09 -5.26299e-07
704.99 -1.82729e-09 -5.01735e-07
710.02 -2.10591e-09 -5.6394e-07
715.00 -2.27511e-09 -6.01615e-07
720.00 -1.97048e-09 -5.11849e-07
725.00 -1.8787e-09 -4.87532e-07
729.99 -2.15357e-09 -5.52616e-07
735.00 -2.25452e-09 -5.71798e-07
740.01 -2.10061e-09 -5.31501e-07
745.01 -1.97501e-09 -4.98219e-07
749.99 -1.9294e-09 -4.86103e-07
755.01 -1.82185e-09 -4.59573e-07
760.01 -1.8551e-09 -4.65865e-07
765.00 -3.30455e-09 -8.35979e-07
769.99 -1.64296e-09 -4.13547e-07
775.00 -1.39478e-09 -3.50186e-07
780.00 -1.28484e-09 -3.22916e-07
784.99 -1.2668e-09 -3.1853e-07
790.00 -1.65066e-09 -4.15652e-07
795.01 -1.35951e-09 -3.41616e-07
800.00 -1.50309e-09 -3.76687e-07
804.99 -1.28682e-09 -3.23687e-07
810.00 -1.36673e-09 -3.44164e-07
814.99 -1.40063e-09 -3.51607e-07
820.01 -2.85266e-09 -7.18721e-07
824.99 -1.2337e-08 -3.10133e-06
829.99 -5.61067e-09 -1.41599e-06
835.01 -4.878e-09 -1.22563e-06
839.99 -2.28432e-09 -5.74588e-07
844.99 -1.10236e-09 -2.77761e-07
850.01 -8.43892e-10 -2.13258e-07
854.99 -8.7231e-10 -2.20207e-07
859.99 -9.73859e-10 -2.46144e-07
865.01 -1.16989e-09 -2.95332e-07
869.98 -1.51015e-09 -3.80038e-07
875.01 -2.0979e-09 -5.29266e-07
880.00 -8.00736e-09 -2.02576e-06
895.01 -8.34938e-09 -2.1098e-06
900.02 -3.27851e-09 -8.27101e-07
905.01 -9.14861e-09 -2.31298e-06
910.01 -2.21593e-09 -5.59339e-07
915.01 -8.60902e-09 -2.17984e-06
920.00 -5.28988e-09 -1.34185e-06
925.00 -2.26116e-09 -5.73465e-07
929.99 -1.82196e-09 -4.62499e-07
935.00 -2.15091e-09 -5.47706e-07
939.99 -4.44324e-09 -1.13012e-06
945.00 -3.50982e-09 -8.95621e-07
950.00 -4.21581e-09 -1.07584e-06
954.99 -2.76948e-09 -7.07072e-07
959.99 -1.49452e-09 -3.81532e-07
965.01 -1.45593e-09 -3.71553e-07
969.99 -2.51297e-09 -6.40947e-07
975.01 -2.42527e-09 -6.16225e-07
980.01 -1.07101e-08 -2.73634e-06
985.01 -1.79997e-09 -4.58932e-07
989.99 -4.43623e-09 -1.13729e-06
995.01 -5.83214e-09 -1.4973e-06
999.99 -1.53984e-09 -3.93507e-07
1005.01 -1.30279e-09 -3.34761e-07
1009.99 -1.70395e-09 -4.413e-07
1015.01 -1.6116e-09 -4.18702e-07
1019.99 -8.22273e-10 -2.12889e-07
1025.01 -6.1652e-10 -1.60326e-07
1029.99 -5.53595e-10 -1.45637e-07
1035.01 -5.25873e-10 -1.38595e-07
1040.01 -4.15338e-10 -1.1106e-07
1044.99 -4.03078e-10 -1.07686e-07
1049.99 -4.87481e-10 -1.32106e-07
1055.00 -4.63303e-10 -1.26794e-07
1059.99 -2.80827e-10 -7.73919e-08
1065.00 -2.17268e-10 -5.96227e-08
1070.01 -2.0979e-10 -5.76658e-08
1075.01 -2.04673e-10 -5.63108e-08
1079.99 -1.94039e-10 -5.38373e-08
1085.01 -3.53494e-10 -9.8315e-08
1090.01 -2.23097e-10 -6.25226e-08
1094.99 -1.09744e-10 -3.05511e-08
1100.01 -8.5318e-11 -2.37296e-08
1105.01 -9.12656e-11 -2.53964e-08
1109.99 -1.67834e-10 -4.75664e-08
1115.01 -1.09693e-10 -3.11558e-08
1120.00 -6.43801e-11 -1.81044e-08
1125.01 -4.75382e-11 -1.32884e-08
1129.99 -4.04289e-11 -1.12098e-08
1135.01 -3.48334e-11 -9.64702e-09
1140.01 -3.15956e-11 -8.67985e-09
1145.01 -2.88016e-11 -7.8865e-09
1149.99 -2.61138e-11 -7.13972e-09
1155.01 -2.38573e-11 -6.39204e-09
1160.00 -2.25169e-11 -5.98851e-09
1165.00 -2.20134e-11 -5.87454e-09
1179.99 -4.13828e-11 -1.18685e-08
1185.00 -4.60835e-11 -1.3283e-08
1199.99 -4.05798e-11 -1.1543e-08
